24.247736 -28.0544 10.68097
23.987796 -28.028452 10.64521
23.764457 -28.011445 10.602209
23.580934 -28.003608 10.551311
23.432057 -28.00287 10.493652
23.309407 -28.006409 10.431199
23.205372 -28.011905 10.365856
23.114658 -28.018039 10.2989
23.033871 -28.024354 10.23074
22.960552 -28.030851 10.161109
22.892704 -28.0376 10.089591
22.828804 -28.044565 10.016101
22.767747 -28.051619 9.9407633
22.70838 -28.058649 9.8631899
22.648936 -28.065566 9.7817843
22.58699 -28.072174 9.6939339
22.520177 -28.077952 9.5972709
22.447213 -28.081964 9.4911734
22.368478 -28.083056 9.377384
22.285904 -28.080258 9.2594252
22.20237 -28.073166 9.1413985
22.120947 -28.062039 9.0268461
22.044165 -28.04758 8.9179941
21.97353 -28.030594 8.8154885
21.909449 -28.01171 8.7186276
21.851508 -27.991283 8.6259576
21.798952 -27.96946 8.5360176
21.751126 -27.946289 8.4479198
21.707676 -27.921766 8.3614092
21.668427 -27.895759 8.2763614
21.633151 -27.8679 8.1921581
21.601435 -27.837548 8.1074371
21.572698 -27.803896 8.0203738
21.546273 -27.766248 7.9294393
21.521488 -27.724432 7.8344516
21.497633 -27.679063 7.7373994
21.473661 -27.631305 7.642331
21.447708 -27.58199 7.554052
21.416755 -27.530484 7.4762282
21.376948 -27.473989 7.4100027
21.324718 -27.407817 7.3538879
21.258117 -27.32638 7.3047367
21.177363 -27.224151 7.2588851
21.084093 -27.096149 7.2127805
20.980173 -26.938635 7.163291
20.867545 -26.75107 7.1083627
20.74947 -26.539057 7.048106
20.631818 -26.315972 6.985453
20.52261 -26.100772 6.9254502
20.429529 -25.911994 6.8732848
20.357029 -25.761187 6.8322469
20.305015 -25.649627 6.802869
20.269638 -25.569396 6.7834968
20.245166 -25.506744 6.7715936
20.225654 -25.445056 6.7649446
20.205913 -25.36661 6.7623869
20.182097 -25.254175 6.7641139
20.152264 -25.093731 6.7716447
20.116784 -24.877978 6.787379
20.078023 -24.60852 6.8135714
20.038923 -24.294808 6.8507645
20.000951 -23.950489 6.8961557
19.962541 -23.590004 6.9427906
19.918958 -23.227153 6.9804665
19.863559 -22.874386 6.9984648
19.789624 -22.540805 6.9889237
19.691738 -22.229088 6.9489699
19.566339 -21.933441 6.8805886
19.411733 -21.640576 6.7889085
19.228225 -21.333946 6.680384
19.018538 -20.999459 6.5617
18.788108 -20.629603 6.4392094
18.544507 -20.223532 6.3184447
18.295763 -19.783335 6.2036672
18.048462 -19.309991 6.0978147
17.807194 -18.803283 6.003102
17.575918 -18.266307 5.9219298
17.359815 -17.710133 5.857285
17.165642 -17.153121 5.8122165
17.000181 -16.613686 5.7889737
16.868119 -16.100841 5.7888362
16.77094 -15.609291 5.812958
16.707345 -15.12335 5.863339
16.674481 -14.628091 5.9424943
16.668719 -14.12061 6.0511877
16.685298 -13.613757 6.1853297
16.717408 -13.129961 6.3344047
16.755876 -12.689364 6.4831223
16.790021 -12.299858 6.6155077
16.809204 -11.954871 6.7187483
16.804432 -11.63948 6.784922
16.769834 -11.339859 6.8110993
16.704004 -11.049671 6.7992738
16.61069 -10.770314 6.7563797
16.498112 -10.506684 6.6934158
16.376736 -10.262199 6.6231103
16.256157 -10.035544 6.5569208
16.142061 -9.8193304 6.5027945
16.034267 -9.5999014 6.4645425
15.92665 -9.3582672 6.4426491
15.809335 -9.0732403 6.4356334
15.672679 -8.7274848 6.4410543
15.511402 -8.3144322 6.4558353
15.326452 -7.8411076 6.4763002
15.123063 -7.3233372 6.4985931
14.90612 -6.7761297 6.5197718
14.676155 -6.2067194 6.539121
14.428676 -5.6148437 6.5587591
14.156953 -4.9977431 6.582834
13.856566 -4.3545767 6.6154034
13.529902 -3.6882987 6.6579575
13.188829 -3.0063176 6.707961
12.853491 -2.3203743 6.7594221
12.546444 -1.6444395 6.8053237
12.284748 -0.99083754 6.840444
12.074705 -0.3671588 6.8628338
11.911911 0.22381186 6.8733961
11.78525 0.78144106 6.8744453
11.681439 1.3045361 6.8684872
11.587805 1.7916329 6.8578056
11.493378 2.2442292 6.8446915
11.3899 2.6684207 6.831789
11.273777 3.0707829 6.8220492
11.147903 3.4509794 6.8180778
11.021087 3.7986049 6.8212045
10.904259 4.098307 6.8309811
10.805443 4.3391743 6.8455623
10.726527 4.5210584 6.8626841
10.66304 4.6545052 6.8805248
10.605794 4.7564832 6.8979814
10.542711 4.8456878 6.9144195
10.460296 4.9392879 6.9292819
10.345333 5.0508802 6.9419091
10.187527 5.1888896 6.9516648
9.9828551 5.3552967 6.9581621
9.7362764 5.5453073 6.961302
9.4619628 5.7485722 6.9610688
9.180339 5.9517796 6.9573633
8.913099 6.1416394 6.9501752
8.6783658 6.307301 6.9399971
8.4875276 6.4419021 6.9280387
8.3441143 6.5433128 6.9159453
8.2445353 6.6139694 6.9051846
8.1803099 6.6596613 6.8965358
8.1410229 6.6876195 6.8899756
8.1169358 6.7046872 6.8849216
8.1004897 6.7162121 6.8805995
8.0866274 6.7257779 6.8763336
8.0723481 6.7354902 6.8717014
8.0559196 6.7464993 6.8665905
8.0358966 6.7596247 6.8612108
8.0098869 6.7760906 6.856098
7.9731359 6.7983209 6.8521428
7.9174293 6.8304785 6.8506636
7.8312397 6.8782092 6.8534376
7.7018785 6.947179 6.8624395
7.5193268 7.0406545 6.8789803
7.2797991 7.1572772 6.9022461
6.9863608 7.2905905 6.9278501
6.6454099 7.4311269 6.9475156
6.2610503 7.5702689 6.9508418
5.8316136 7.70384 6.9291101
5.3513597 7.8334455 6.8796945
4.8163238 7.9648634 6.8087162
4.2301159 8.1043753 6.7299908
3.6063859 8.2548 6.6602534
2.9677987 8.412931 6.613037
2.3422781 8.5695291 6.5944469
1.7563968 8.7120413 6.6026351
1.2273267 8.8287607 6.6303942
0.75767578 8.9122558 6.6687707
0.33653109 8.9606997 6.7096679
-0.054688385 8.9773818 6.7466373
-0.43565617 8.969366 6.7743768
-0.82249233 8.9457277 6.7881041
-1.2255022 8.9153376 6.7837832
-1.6490829 8.8845337 6.7593128
-2.093288 8.8556337 6.7158187
-2.5556919 8.8271459 6.6580084
-3.0319515 8.7955735 6.5933001
-3.5149307 8.7576729 6.530264
-3.9942141 8.7118576 6.4769894
-4.4577515 8.6582678 6.4395907
-4.8949403 8.5980247 6.4210171
-5.2989762 8.5324515 6.4206132
-5.6677811 8.4625674 6.4348128
-6.0044141 8.3887796 6.4587184
-6.3166617 8.310913 6.4876679
-6.6141146 8.2288842 6.5179028
-6.9032705 8.1436967 6.5462394
-7.1847326 8.0576288 6.5694518
-7.4557427 7.9728706 6.5841616
-7.7158233 7.8894834 6.5874495
-7.9698753 7.8044956 6.5778764
-8.2261024 7.712947 6.5564536
-8.4914415 7.6099555 6.5270533
-8.7685669 7.4922818 6.4957216
-9.0559648 7.3585832 6.4687767
-9.3501168 7.2084462 6.450498
-9.6483296 7.0407955 6.4417428
-9.9509656 6.8525851 6.4402887
-10.261772 6.6387907 6.4425508
-10.585509 6.3941079 6.4455674
-10.923858 6.1153587 6.4482037
-11.272397 5.8026189 6.4511313
-11.620987 5.4579811 6.4558482
-11.957116 5.0832872 6.4634447
-12.269441 4.6795296 6.4737826
-12.549359 4.2488967 6.4853557
-12.791114 3.7969816 6.495699
-12.992405 3.3315007 6.5020562
-13.156061 2.8569464 6.5020278
-13.29128 2.3687519 6.4939532
-13.412864 1.851632 6.476877
-13.538309 1.2846091 6.4502909
-13.683673 0.65164937 6.4141252
-13.859513 -0.04703318 6.3692936
-14.068343 -0.79022358 6.3185493
-14.304804 -1.5422154 6.2669669
-14.558535 -2.2678497 6.221418
-14.818148 -2.9467259 6.1890166
-15.074089 -3.5778538 6.1752599
-15.31931 -4.1734182 6.1827818
-15.548565 -4.7477198 6.2110749
-15.757934 -5.308973 6.2569118
-15.94534 -5.8578361 6.3151222
-16.111579 -6.3915526 6.3796283
-16.260806 -6.9094988 6.4446576
-16.399646 -7.4157535 6.505829
-16.534895 -7.9169795 6.5607192
-16.670753 -8.4177122 6.6086965
-16.807068 -8.9171778 6.650078
-16.939469 -9.4101999 6.684879
-17.061038 -9.8908831 6.7115925
-17.164398 -10.355187 6.7266647
-17.243472 -10.799712 6.7253757
-17.294929 -11.217888 6.7042596
-17.319358 -11.597727 6.6639358
-17.321564 -11.924339 6.6102645
-17.309239 -12.18623 6.5524772
-17.290304 -12.381198 6.499201
-17.270289 -12.518292 6.4548764
-17.251059 -12.615639 6.4184061
-17.231078 -12.696466 6.3840041
-17.206676 -12.78536 6.3432126
-17.173792 -12.904979 6.2873683
-17.129861 -13.072408 6.2102821
-17.075356 -13.295479 6.1105986
-17.014198 -13.570991 5.9927141
-16.952682 -13.886605 5.8654765
-16.897558 -14.225924 5.7393242
-16.85454 -14.574308 5.6235676
-16.828009 -14.92312 5.5251079
-16.821726 -15.271421 5.4487186
-16.839884 -15.62521 5.3982021
-16.887767 -15.995158 5.3774849
-16.971407 -16.393922 5.3908541
-17.095903 -16.833224 5.4420534
-17.262852 -17.320437 5.5327127
-17.468392 -17.855539 5.6611051
-17.703311 -18.430164 5.8220076
-17.955205 -19.028983 6.0075374
-18.211016 -19.631799 6.2081251
-18.458559 -20.21555 6.4131462
-18.687265 -20.757575 6.6115682
-18.889005 -21.240977 6.7929759
-19.058964 -21.659937 6.9485976
-19.195857 -22.021731 7.0717521
-19.301346 -22.34448 7.1577872
-19.379169 -22.651979 7.2040522
-19.434352 -22.967252 7.2102223
-19.472446 -23.306203 7.1788438
-19.498766 -23.673301 7.1156985
-19.517916 -24.061679 7.0295071
-19.53388 -24.458411 6.9306982
-19.550556 -24.852256 6.829538
-19.572151 -25.238755 6.7344397
-19.60288 -25.619396 6.6511231
-19.64598 -25.99627 6.5826604
-19.702674 -26.366831 6.5300802
-19.771925 -26.7224 6.4932603
-19.851367 -27.050804 6.4718684
-19.939099 -27.341103 6.4659618
-20.035449 -27.587786 6.4759227
-20.143673 -27.792391 6.501858
-20.268877 -27.961893 6.5429849
-20.41528 -28.105019 6.5973352
-20.582819 -28.228708 6.6616163
-20.76481 -28.336339 6.7310995
-20.948594 -28.428115 6.8000008
-21.119689 -28.502978 6.8628494
-21.267208 -28.560788 6.916313
-21.386877 -28.603416 6.9601595
-21.480029 -28.63435 6.9967212
-21.550284 -28.657504 7.0295578
-21.600731 -28.676236 7.0624033
-21.633022 -28.692995 7.0987464
-21.648007 -28.709373 7.1416232
-21.646878 -28.726204 7.1931925
-21.63195 -28.743595 7.25422
-21.606679 -28.761016 7.3239586
-21.574986 -28.777528 7.4006914
-21.54039 -28.792089 7.4826753
-21.505422 -28.803767 7.5689796
-21.471512 -28.811804 7.6598952
-21.439231 -28.815581 7.7568178
-21.4087 -28.814613 7.8615767
-21.380058 -28.80863 7.9753357
-21.353858 -28.79777 8.0975913
-21.331295 -28.782788 8.2259902
-21.314256 -28.765191 8.3572654
-21.305277 -28.747186 8.4888512
-21.307414 -28.731383 8.6203041
-21.323911 -28.720263 8.7537922
-21.357544 -28.715519 8.8933584
-21.40977 -28.717546 9.0431727
-21.480069 -28.72536 9.2055207
-21.565852 -28.736989 9.3794955
-21.662985 -28.750107 9.5609797
-21.766736 -28.762615 9.7438281
-21.872868 -28.773006 9.9217105
-21.978561 -28.780528 10.089817
-22.082738 -28.785209 10.245559
-22.185574 -28.787781 10.387968
-22.287569 -28.789486 10.516508
-22.388735 -28.791745 10.630324
-22.488269 -28.795693 10.728337
-22.584808 -28.801743 10.809898
-22.677169 -28.809406 10.875456
-22.765262 -28.817487 10.926812
-22.85068 -28.824546 10.966802
-22.936583 -28.829319 10.998636
-23.026855 -28.830895 11.025181
-23.125086 -28.828645 11.048493
-23.2341 -28.822052 11.069719
-23.356165 -28.810608 11.089337
-23.493185 -28.793879 11.107484
-23.646186 -28.77172 11.124159
-23.814262 -28.744568 11.139258
-23.993826 -28.71365 11.152528
-24.178959 -28.680962 11.163498
-24.362934 -28.648941 11.171396
-24.540234 -28.619926 11.17511
-24.708049 -28.595605 11.173236
-24.866624 -28.576637 11.164304
-25.018514 -28.562558 11.147104
-25.167163 -28.551998 11.121008
-25.315332 -28.54314 11.086184
-25.463919 -28.534251 11.043669
-25.611682 -28.524038 10.995299
-25.756006 -28.511718 10.94343
-25.894353 -28.496851 10.890463
-26.025639 -28.479146 10.838293
-26.150744 -28.458445 10.788009
-26.271861 -28.434917 10.74009
-26.391259 -28.409242 10.695005
-26.510467 -28.382527 10.65381
-26.63034 -28.355919 10.618362
-26.751595 -28.330205 10.591125
-26.875147 -28.305661 10.574723
-27.002038 -28.282141 10.571399
-27.133182 -28.259274 10.582435
-27.269123 -28.23663 10.607701
-27.409861 -28.213848 10.645513
-27.554767 -28.190716 10.692904
-27.702588 -28.167204 10.74622
-27.851596 -28.143474 10.801803
-27.999939 -28.119847 10.856528
-28.146274 -28.096729 10.908123
-28.290464 -28.074461 10.955309
-28.433864 -28.053168 10.997742
-28.578849 -28.032673 11.035761
-28.727712 -28.012533 11.070008
-28.881435 -27.992179 11.101022
-29.038937 -27.971063 11.128938
-29.197102 -27.948734 11.153376
-29.351672 -27.924775 11.173531
-29.498737 -27.898643 11.188445
-29.63613 -27.869579 11.197343
-29.763788 -27.836784 11.199939
-29.882708 -27.799869 11.196574
-29.993386 -27.759244 11.188127
-30.095129 -27.715989 11.175676
-30.186846 -27.671126 11.160031
-30.268468 -27.624733 11.141354
-30.341688 -27.575545 11.119074
-30.409493 -27.521299 11.092138
-30.474977 -27.459584 11.059453
-30.540265 -27.388736 11.020337
-30.606041 -27.308389 10.974783
-30.671751 -27.219434 10.923426
-30.736229 -27.123494 10.867253
-30.798308 -27.02234 10.807275
-30.857074 -26.917689 10.744384
-30.911775 -26.811452 10.679404
-30.961663 -26.706049 10.613117
-31.006009 -26.604332 10.546003
-31.044348 -26.50893 10.47768
-31.076727 -26.421345 10.406359
-31.103746 -26.341342 10.32876
-31.12632 -26.266992 10.240753
-31.145358 -26.195365 10.138535
-31.161547 -26.123641 10.01995
-31.175333 -26.050245 9.8854793
-31.187055 -25.975563 9.7384547
-31.197134 -25.901877 9.5842139
-31.206214 -25.832492 9.4283381
-31.215189 -25.770436 9.2747536
-31.225031 -25.717326 9.1247398
-31.236495 -25.672906 8.9774712
-31.249817 -25.635389 8.8317086
-31.264568 -25.60222 8.6873073
-31.27975 -25.570724 8.5453142
-31.294105 -25.538422 8.4067071
-31.306484 -25.503237 8.2711439
-31.316115 -25.463912 8.1371275
-31.322641 -25.420573 8.0036023
-31.325961 -25.374927 7.8714227
-31.325959 -25.329638 7.7430169
-31.322286 -25.287115 7.6202985
-31.314277 -25.24852 7.5027585
-31.301096 -25.213736 7.3876197
-31.282048 -25.1822 7.2719564
-31.256924 -25.153894 7.1549184
-31.226108 -25.129776 7.0383046
-31.190361 -25.111414 6.9252729
-31.150412 -25.10004 6.818398
-31.106774 -25.095432 6.7185764
-31.06006 -25.095074 6.6254429
-31.011643 -25.094035 6.5387404
-30.964111 -25.085839 6.459422
-30.92097 -25.064162 6.389597
-30.885686 -25.024522 6.3313776
-30.860681 -24.964761 6.2854546
-30.846919 -24.883928 6.2503625
-30.84409 -24.780947 6.2228923
-30.850888 -24.655213 6.1994096
-30.86506 -24.509502 6.1773327
-30.883427 -24.352549 6.1559603
-30.902326 -24.197996 6.1362399
-30.918531 -24.059451 6.1197311
-30.930118 -23.945123 6.1075077
-30.936725 -23.855788 6.0996375
-30.939138 -23.786764 6.0953388
-30.938593 -23.731548 6.0934609
-30.936196 -23.684545 6.0929035
-30.932616 -23.641766 6.092823
-30.927922 -23.599873 6.0926726
-30.921415 -23.554374 6.0921953
-30.911284 -23.497633 6.091469
-30.894124 -23.417341 6.091083
-30.864552 -23.296505 6.0925075
-30.815409 -23.116317 6.0986231
-30.739029 -22.862312 6.1141514
-30.629551 -22.531761 6.1454565
-30.485487 -22.138051 6.1991731
-30.311342 -21.708551 6.2796299
-30.117446 -21.276595 6.3859862
-29.917914 -20.871759 6.510788
-29.727069 -20.512341 6.6414514
-29.5553 -20.201423 6.764479
-29.406359 -19.92696 6.8698542
-29.278186 -19.666467 6.9525098
-29.167013 -19.39538 7.010292
-29.071716 -19.095653 7.0409569
-28.995299 -18.761002 7.0411036
-28.942992 -18.397373 7.0075716
-28.918858 -18.019293 6.9396033
-28.923107 -17.643723 6.840054
-28.951205 -17.283893 6.7153188
-28.994709 -16.94585 6.5744582
-29.043228 -16.628763 6.4277617
-29.086637 -16.327552 6.2848141
-29.116737 -16.035571 6.1525869
-29.127996 -15.746122 6.0344035
-29.117657 -15.453279 5.9302914
-29.085752 -15.153432 5.8385541
-29.03514 -14.847863 5.7577771
-28.970949 -14.543943 5.6881609
-28.898734 -14.251816 5.6314419
-28.821773 -13.9771 5.5897534
-28.739068 -13.714854 5.5646169
-28.645583 -13.450113 5.5568799
-28.534722 -13.165169 5.567307
-28.401567 -12.84861 5.5969025
-28.245062 -12.500517 5.6464316
-28.068305 -12.131791 5.7155211
-27.877213 -11.759371 5.8022831
-27.678258 -11.40028 5.9040434
-27.475981 -11.066492 6.0187093
-27.271181 -10.761691 6.1455686
-27.060871 -10.48082 6.2846368
-26.840565 -10.212771 6.4347669
-26.607948 -9.945018 6.5916416
-26.365808 -9.6677034 6.7468269
-26.12246 -9.3754034 6.8885012
-25.88954 -9.0668727 7.0038294
-25.678601 -8.7444196 7.082294
-25.49832 -8.4138271 7.1186353
-25.353225 -8.0839027 7.1139144
-25.243638 -7.7641153 7.0741492
-25.16603 -7.4602879 7.0075162
-25.113358 -7.1705294 6.9219882
-25.075552 -6.8842592 6.8247138
-25.040451 -6.5853955 6.7229082
-24.995261 -6.2579323 6.6247906
-24.928198 -5.8906712 6.5391428
-24.830035 -5.4788746 6.4732416
-24.695426 -5.0230268 6.4302775
-24.523895 -4.5266725 6.4079726
-24.320138 -3.9950876 6.3995272
-24.093152 -3.4349327 6.3965849
-23.854172 -2.8539832 6.3926357
-23.613975 -2.2601631 6.3850813
-23.380352 -1.6597179 6.3751436
-23.156606 -1.055379 6.366111
-22.941793 -0.44642114 6.3611077
-22.732697 0.16824173 6.3613016
-22.526283 0.78573317 6.3648476
-22.320849 1.3977363 6.3665826
-22.11518 1.9943506 6.3585842
-21.906797 2.571114 6.3317135
-21.691203 3.1337649 6.2779535
-21.463074 3.6967203 6.192887
-21.218717 4.2758402 6.0774247
-20.95812 4.8795709 5.9382126
-20.685499 5.502676 5.7868044
-20.408227 6.1252225 5.6379095
-20.134523 6.7181322 5.5066416
-19.870858 7.2537654 5.4048442
-19.620917 7.7155575 5.3377766
-19.387305 8.1002765 5.3031039
-19.174272 8.4129533 5.292888
-18.988057 8.6608387 5.2972887
-18.833899 8.85146 5.3079039
-18.712416 8.9939316 5.3194271
-18.618417 9.0999214 5.3295886
-18.542321 9.182836 5.3381883
-18.472019 9.2565428 5.346093
-18.393364 9.3350972 5.3546342
-18.289537 9.4332481 5.3653654
-18.140973 9.5662485 5.3799222
-17.927481 9.7478686 5.3997737
-17.632742 9.9869619 5.4258372
-17.249786 10.284132 5.4580749
-16.785032 10.630116 5.4952485
-16.258587 11.006812 5.535008
-15.699753 11.390996 5.5744036
-15.139058 11.759826 5.6106805
-14.600183 12.096172 5.6419613
-14.095236 12.39169 5.6674113
-13.624706 12.646655 5.6868166
-13.18073 12.86739 5.699895
-12.751381 13.063027 5.7057051
-12.324785 13.242734 5.7022397
-11.892345 13.413802 5.6861287
-11.449344 13.581005 5.6526186
-10.992268 13.747389 5.5963229
-10.515965 13.915411 5.5130964
-10.01492 14.086968 5.4026039
-9.488215 14.262187 5.2702498
-8.9428353 14.438395 5.1270636
-8.3911933 14.610566 4.9872212
-7.8444128 14.773256 4.8642685
-7.3067747 14.922945 4.7677035
-6.7758348 15.059311 4.7012056
-6.2485443 15.184534 4.6629729
-5.7289565 15.30113 4.6476652
-5.2311978 15.409975 4.6487724
-4.7746808 15.509912 4.6603203
-4.3749244 15.598861 4.6775856
-4.0368846 15.675284 4.6971774
-3.7548668 15.738914 4.7169194
-3.5171921 15.790629 4.7356818
-3.3108629 15.831983 4.7531441
-3.1234036 15.864844 4.7695145
-2.942659 15.891156 4.7852694
-2.7568755 15.912669 4.8009147
-2.5559411 15.930558 4.8167548
-2.3323831 15.945157 4.8327596
-2.0807824 15.95606 4.8486392
-1.7969373 15.962565 4.8640532
-1.4795707 15.964196 4.8787332
-1.1347465 15.961076 4.8924188
-0.77908279 15.954032 4.9047397
-0.43729451 15.944443 4.9152201
-0.13374423 15.933819 4.9234195
0.11732105 15.923272 4.9290687
0.3169465 15.91312 4.9320808
0.47946079 15.902867 4.932447
0.6252259 15.891538 4.930132
0.77255825 15.878159 4.925061
0.93308813 15.862053 4.9171657
1.112897 15.842737 4.9063564
1.3184357 15.819438 4.8923389
1.562493 15.790617 4.8744019
1.8642377 15.75401 4.8514681
2.2409953 15.707436 4.8226099
2.696299 15.649936 4.7878741
3.2131482 15.582408 4.7489813
3.7582272 15.507129 4.7095915
4.2941865 15.426376 4.675261
4.7920314 15.340849 4.6533411
5.2385801 15.24853 4.6526782
5.6384444 15.144483 4.6826365
6.0106516 15.022261 4.7512349
6.3801903 14.876928 4.8628694
6.7676297 14.708242 5.0166796
7.1822307 14.521729 5.2065789
7.6216794 14.326559 5.4230192
8.0764749 14.131704 5.6552495
8.534398 13.943126 5.892495
8.9827263 13.7634 6.123694
9.4099585 13.592687 6.3370472
9.810045 13.428855 6.5209541
10.188783 13.266027 6.6664305
10.56731 13.093454 6.7692374
10.977132 12.897373 6.829798
11.446922 12.666212 6.8508269
11.988763 12.396055 6.8345035
12.59311 12.092284 6.781297
13.234741 11.766372 6.6913716
13.882904 11.430947 6.567766
14.507928 11.096603 6.4190496
15.08413 10.770367 6.2589823
15.593619 10.453742 6.1027004
16.031435 10.140657 5.9618036
16.407059 9.8183489 5.8415701
16.738995 9.4728452 5.7415694
17.045277 9.0965931 5.6584817
17.336124 8.6930299 5.5891256
17.612921 8.2740909 5.5323835
17.872958 7.8514011 5.4897356
18.115673 7.4268101 5.4647373
18.345939 6.9889614 5.4618358
18.572658 6.5187377 5.4847016
18.804215 6.0006103 5.5343134
19.044088 5.4330632 5.6075018
19.289428 4.8317821 5.6968779
19.533141 4.2239451 5.7924561
19.767605 3.6376674 5.8842367
19.987363 3.0934031 5.9644873
20.189397 2.6017474 6.0288526
20.37191 2.1663101 6.0762556
20.533735 1.7864471 6.1080621
20.675585 1.4561445 6.1269472
20.802403 1.1600829 6.1357658
20.9249 0.8713305 6.1367181
21.058679 0.55464623 6.1310497
21.220928 0.17557053 6.1193431
21.426119 -0.28879263 6.1022069
21.682403 -0.84279665 6.080965
21.989207 -1.4717151 6.0579298
22.335638 -2.1458928 6.0361435
22.700261 -2.8269152 6.0189083
23.054599 -3.4760189 6.009572
23.371338 -4.0652048 6.0116689
23.633574 -4.5865673 6.0289236
23.839293 -5.0528279 6.064394
23.998922 -5.4876192 6.1185401
24.128961 -5.9117583 6.1870285
24.246043 -6.3337368 6.2597655
24.363692 -6.7486803 6.3222051
24.491667 -7.1444946 6.3585816
24.636701 -7.5103373 6.355549
24.803317 -7.8423843 6.3048343
24.99383 -8.1446462 6.2046909
25.207666 -8.4261739 6.0606077
25.441093 -8.6977395 5.8851096
25.688329 -8.9700565 5.6958098
25.943676 -9.2534523 5.5115626
26.203347 -9.5577292 5.3479948
26.465813 -9.8910795 5.2142938
26.730401 -10.257719 5.1125019
26.99495 -10.655119 5.0393038
27.254044 -11.072856 4.9892134
27.499251 -11.495126 4.9577202
27.721661 -11.907178 4.9433078
27.915427 -12.302763 4.9478213
28.08009 -12.687721 4.975182
28.220153 -13.076362 5.0289409
28.342151 -13.481947 5.1096555
28.451121 -13.907104 5.213341
28.548675 -14.340899 5.3319712
28.633653 -14.765115 5.4560205
28.704602 -15.165756 5.5776846
28.76231 -15.541569 5.6926242
28.810877 -15.903272 5.7988672
28.856983 -16.264252 5.8937221
28.908143 -16.630315 5.9713236
28.971232 -16.996401 6.0228565
29.052049 -17.35206 6.0390479
29.155658 -17.690431 6.012867
29.286368 -18.01378 5.9411515
29.446461 -18.332648 5.8255622
29.634207 -18.660749 5.6734064
29.842764 -19.009585 5.4975496
30.061175 -19.385194 5.3141296
30.277124 -19.78727 5.1383039
30.479901 -20.210127 4.9803469
30.662056 -20.645204 4.8445787
30.819375 -21.084992 4.731418
30.949909 -21.527554 4.6406145
31.052908 -21.979193 4.5735231
31.127865 -22.451934 4.5336353
31.173669 -22.954892 4.5256919
31.188254 -23.483824 4.5538646
31.169489 -24.016415 4.619387
31.11739 -24.517771 4.7183201
31.036556 -24.953181 4.840649
30.936919 -25.300299 4.9718331
30.831652 -25.554453 5.0967458
30.732984 -25.726184 5.2042461
30.648385 -25.8343 5.2899802
30.579372 -25.89869 5.3561401
30.52333 -25.935577 5.4088628
30.476822 -25.955884 5.4550821
30.438347 -25.965997 5.5003614
30.409298 -25.969644 5.5481967
30.393006 -25.969602 5.6004282
30.392722 -25.96844 5.6580638
30.409841 -25.968268 5.7219024
30.443296 -25.970147 5.7926739
30.490152 -25.973818 5.8708048
30.546696 -25.978001 5.9561376
30.609358 -25.981016 6.0478917
30.675189 -25.981404 6.1449014
30.74195 -25.978326 6.2459181
30.80798 -25.971666 6.3497763
30.872031 -25.96186 6.4554578
30.933208 -25.949604 6.5621707
30.990958 -25.935591 6.6694644
31.045073 -25.92034 6.7774352
31.095738 -25.904085 6.8871702
31.143636 -25.886711 7.0012349
31.189852 -25.867826 7.1234187
31.235346 -25.84704 7.2571993
31.280269 -25.824317 7.4037344
31.323707 -25.800173 7.5610102
31.364119 -25.775607 7.7247653
31.400062 -25.751925 7.8901278
31.430625 -25.730651 8.0527134
31.455442 -25.713445 8.2091335
31.474499 -25.701921 8.3575001
31.487943 -25.697321 8.4979564
31.495958 -25.700196 8.6326779
31.498682 -25.710264 8.7650347
31.496166 -25.726531 8.8982649
31.488426 -25.747596 9.0343782
31.47557 -25.771982 9.1737446
31.457934 -25.79832 9.3152463
31.436121 -25.825352 9.4566506
31.410849 -25.851841 9.595134
31.382604 -25.876563 9.728138
31.351248 -25.898447 9.8545057
31.315872 -25.916824 9.9752579
31.275115 -25.931616 10.093133
31.227885 -25.94331 10.210757
31.174016 -25.952753 10.328597
31.11435 -25.960885 10.444277
31.050179 -25.968545 10.553758
30.982555 -25.976406 10.653282
30.912009 -25.984981 10.740622
30.838764 -25.994669 10.81509
30.763112 -26.005798 10.876812
30.685498 -26.018668 10.926018
30.606131 -26.033627 10.962669
30.524264 -26.051182 10.98641
30.437713 -26.072052 10.99668
30.343175 -26.097066 10.992891
30.237334 -26.126883 10.974584
30.11799 -26.161752 10.941478
29.984412 -26.2015 10.893488
29.837088 -26.245681 10.830955
29.677711 -26.293599 10.755288
29.509643 -26.344154 10.66966
29.337894 -26.395801 10.578961
29.167724 -26.446917 10.48864
29.002618 -26.496389 10.403056
28.843332 -26.543904 10.324507
28.688722 -26.589739 10.253458
28.537247 -26.634337 10.189433
28.387667 -26.678119 10.131703
28.238737 -26.721551 10.079506
28.088939 -26.765204 10.032119
27.937135 -26.809521 9.9891279
27.783912 -26.854416 9.9508311
27.632501 -26.899016 9.9184685
27.488187 -26.941886 9.8939732
27.356206 -26.981689 9.879288
27.239469 -27.017891 9.8756115
27.137607 -27.051046 9.8829966
27.047658 -27.082575 9.9004698
26.96544 -27.114333 9.9265366
26.886576 -27.148253 9.9597609
26.807013 -27.186085 9.9990906
26.723464 -27.229103 10.043758
26.633961 -27.277761 10.092898
26.538155 -27.331526 10.145255
26.436983 -27.389077 10.199244
26.331725 -27.448871 10.253373
26.22299 -27.509787 10.30672
26.110345 -27.571414 10.359092
25.992975 -27.633713 10.410671
25.870948 -27.696291 10.46134
25.745952 -27.757894 10.510218
25.620738 -27.816588 10.555776
25.497712 -27.870434 10.596399
25.377786 -27.918112 10.630927
25.260263 -27.959075 10.658852
25.143506 -27.993339 10.680207
25.025761 -28.021242 10.695387
24.905704 -28.043362 10.70507
24.782743 -28.060594 10.710226
24.657153 -28.07423 10.712134
24.530005 -28.08595 10.71234
