24.884254 -28.045655 10.664148
24.51598 -28.033035 10.702431
24.242339 -28.018824 10.724352
24.048494 -28.00324 10.731159
23.903824 -27.987314 10.725989
23.783796 -27.972932 10.710691
23.674596 -27.961996 10.685648
23.570129 -27.955152 10.651628
23.46978 -27.951411 10.611214
23.375246 -27.948945 10.567679
23.286365 -27.946086 10.52268
23.200417 -27.941669 10.475781
23.113088 -27.934783 10.424952
23.019146 -27.924572 10.367155
22.915426 -27.910479 10.300439
22.803161 -27.892512 10.225541
22.686386 -27.871198 10.145025
22.570103 -27.847544 10.062164
22.45863 -27.822834 9.9795971
22.354074 -27.798347 9.8979002
22.256441 -27.775277 9.8154642
22.164616 -27.754509 9.7295436
22.076915 -27.73609 9.6376568
21.991897 -27.719058 9.539079
21.909274 -27.702037 9.4353102
21.829854 -27.683961 9.3289866
21.754645 -27.664335 9.2222698
21.683892 -27.643145 9.1158091
21.617376 -27.620816 9.0097314
21.555453 -27.598123 8.905485
21.499567 -27.575779 8.8062684
21.450667 -27.553436 8.7133764
21.406282 -27.528584 8.6205025
21.361494 -27.497435 8.516094
21.313638 -27.457579 8.3932867
21.264989 -27.409511 8.255681
21.22049 -27.355388 8.1127528
21.183886 -27.297059 7.9722477
21.155989 -27.235908 7.8379298
21.13547 -27.174501 7.7129627
21.12001 -27.117118 7.6018202
21.106827 -27.067987 7.5081063
21.093538 -27.029553 7.4331676
21.079394 -27.001961 7.3767874
21.065105 -26.982723 7.3367784
21.050197 -26.966288 7.3077994
21.029826 -26.943116 7.2812031
20.993449 -26.897984 7.2461667
20.927521 -26.80997 7.1924235
20.823887 -26.659654 7.1156833
20.690339 -26.445627 7.0235669
20.552106 -26.197744 6.9343496
20.437482 -25.96614 6.865397
20.360306 -25.789268 6.8224721
20.316948 -25.674712 6.8005024
20.295573 -25.606742 6.7909979
20.285183 -25.563894 6.7874238
20.278674 -25.528549 6.7864199
20.271622 -25.485153 6.7870884
20.26013 -25.413595 6.7903805
20.24003 -25.286135 6.799156
20.208677 -25.07516 6.8184419
20.168528 -24.771418 6.8547198
20.128156 -24.39774 6.9127541
20.09595 -23.998325 6.9896245
20.070366 -23.609112 7.0698167
20.038462 -23.241232 7.1289664
19.984389 -22.885902 7.1462905
19.898005 -22.532864 7.1140246
19.777641 -22.184439 7.0388866
19.626604 -21.85184 6.93531
19.446371 -21.533607 6.8153231
19.234642 -21.203689 6.6854776
18.988694 -20.823577 6.5501985
18.709012 -20.364252 6.4134585
18.401925 -19.817852 6.2779339
18.076711 -19.186899 6.1447489
17.74083 -18.471389 6.0157454
17.407893 -17.688282 5.8989207
17.106082 -16.892266 5.8095851
16.867346 -16.147736 5.7629851
16.709133 -15.480315 5.7678566
16.630618 -14.872332 5.8279483
16.620414 -14.295262 5.9449152
16.661677 -13.735691 6.1141712
16.733538 -13.200973 6.3184046
16.81446 -12.707444 6.5301291
16.885375 -12.263275 6.7211085
16.92945 -11.862081 6.8677969
16.931443 -11.486421 6.9533733
16.879373 -11.118549 6.9697497
16.76905 -10.752557 6.920536
16.609138 -10.398529 6.8232961
16.421754 -10.074964 6.7058058
16.235505 -9.7923344 6.5962932
16.073291 -9.5438821 6.5150603
15.939072 -9.3030037 6.4703037
15.817152 -9.0260511 6.4612229
15.685507 -8.6685077 6.4845157
15.530484 -8.2101611 6.5367836
15.352506 -7.6699761 6.6108379
15.1616 -7.0944288 6.6919591
14.967244 -6.5246217 6.7620459
14.770155 -5.9718253 6.8098792
14.563228 -5.4258526 6.837129
14.337713 -4.8797703 6.8555505
14.085766 -4.3356428 6.8794201
13.800723 -3.7920707 6.9186074
13.482358 -3.2411551 6.9747401
13.143791 -2.6748473 7.0397784
12.810605 -2.0880065 7.097651
12.505864 -1.4717 7.1314802
12.23837 -0.81856058 7.1330663
12.008019 -0.14456326 7.1070223
11.814131 0.51111997 7.0658069
11.654362 1.1143443 7.0213321
11.523469 1.6464068 6.9815014
11.413526 2.1032742 6.950799
11.312321 2.5026576 6.9314223
11.204092 2.8797585 6.9245928
11.076212 3.2607668 6.9317024
10.927193 3.6426413 6.9531332
10.769748 3.9984327 6.9854245
10.625453 4.2946601 7.0214436
10.510587 4.5127926 7.0546038
10.424688 4.6618914 7.0825966
10.350705 4.7736789 7.1075029
10.263187 4.8876458 7.13345
10.137835 5.0369503 7.1643806
9.9609866 5.2371444 7.2024915
9.7367578 5.4791932 7.2461647
9.4829769 5.7359859 7.2883076
9.2157043 5.9822266 7.3179264
8.9410493 6.2071233 7.3255506
8.6655774 6.4086839 7.3093926
8.4107792 6.5809308 7.2773562
8.2065843 6.7130715 7.2423174
8.0683563 6.800777 7.2140741
7.9878862 6.8515801 7.1953699
7.9445714 6.8791028 7.1839264
7.9194214 6.8953562 7.176275
7.9007876 6.9076238 7.1699348
7.8833839 6.9191864 7.1637323
7.8653376 6.9311653 7.1573515
7.8454136 6.9442225 7.1508193
7.8203316 6.9601367 7.1441523
7.7820931 6.983218 7.1374059
7.7163718 7.020877 7.1313239
7.6043277 7.0821037 7.1281435
7.4305409 7.1726136 7.1313388
7.1940598 7.2884765 7.1430918
6.9099076 7.4147886 7.1604216
6.5915571 7.5343812 7.173442
6.229599 7.6404231 7.1679625
5.7970284 7.7394001 7.1319282
5.2790964 7.8432551 7.0624702
4.692014 7.9602732 6.9697106
4.0664384 8.0926643 6.8736101
3.4208979 8.238567 6.7949171
2.7627848 8.3917928 6.7479294
2.1050587 8.5414704 6.7386722
1.4695072 8.6761117 6.7640844
0.88804039 8.786353 6.8120306
0.39875552 8.8651338 6.8655617
0.019769293 8.9094974 6.9106114
-0.27517354 8.9218071 6.9415194
-0.54783844 8.9078844 6.9591034
-0.86151016 8.8755138 6.964342
-1.2468478 8.8351008 6.9545578
-1.693666 8.7978943 6.9255977
-2.1748711 8.7701687 6.8771856
-2.669148 8.7504632 6.8154868
-3.1570711 8.7332532 6.7511359
-3.61317 8.7141332 6.6944666
-4.0160531 8.6915691 6.651328
-4.3584337 8.6663753 6.6221742
-4.640178 8.6408445 6.6047678
-4.8665036 8.6165761 6.5974169
-5.0605233 8.591672 6.6001457
-5.2633117 8.5606087 6.6141265
-5.5139432 8.5171493 6.6400357
-5.8303417 8.4574035 6.6764073
-6.2086329 8.380799 6.7198092
-6.630426 8.2906063 6.7659269
-7.0615655 8.1952364 6.8087579
-7.4629929 8.1046771 6.8406511
-7.816597 8.0225201 6.8552601
-8.1315683 7.9435068 6.8502914
-8.4306348 7.8575675 6.8296408
-8.7363504 7.7549303 6.8045611
-9.0624015 7.6296591 6.7900556
-9.410443 7.4806652 6.7967466
-9.7717776 7.3100796 6.8251599
-10.131693 7.1200687 6.8651808
-10.473955 6.9093032 6.8996525
-10.789022 6.6686282 6.9105775
-11.081931 6.3813907 6.8876064
-11.366131 6.0357345 6.8339445
-11.649054 5.6366226 6.7649158
-11.92906 5.2000582 6.6997285
-12.202433 4.7388838 6.6527073
-12.465519 4.2599611 6.6289708
-12.708793 3.774682 6.6248844
-12.917681 3.3011458 6.6309401
-13.084603 2.8494489 6.6365647
-13.21554 2.4107105 6.6350354
-13.32585 1.9584743 6.6235369
-13.434498 1.4548337 6.5991373
-13.56043 0.86145459 6.5574898
-13.719194 0.162272 6.4975408
-13.919834 -0.61136797 6.4280454
-14.164728 -1.3891152 6.3674532
-14.451031 -2.1127025 6.3335425
-14.765386 -2.7639496 6.3314663
-15.079235 -3.3473706 6.3508123
-15.358876 -3.8693861 6.3743956
-15.583762 -4.340073 6.3903358
-15.755586 -4.7864337 6.3971609
-15.892085 -5.2517147 6.3996184
-16.011939 -5.7678114 6.402413
-16.123967 -6.3294086 6.4072324
-16.228677 -6.90299 6.4126671
-16.325926 -7.4551592 6.4156979
-16.418615 -7.9677701 6.4146555
-16.511707 -8.4367113 6.4124422
-16.610003 -8.8637062 6.4172126
-16.717377 -9.2541262 6.4391865
-16.835992 -9.6178505 6.4850052
-16.963256 -9.9694531 6.5517306
-17.088258 -10.328212 6.6234023
-17.193796 -10.714909 6.6752913
-17.265452 -11.140223 6.686703
-17.298701 -11.582865 6.6534448
-17.300359 -11.986583 6.5910412
-17.284736 -12.297047 6.5245588
-17.265148 -12.499106 6.4719395
-17.248143 -12.616265 6.4367795
-17.233592 -12.687896 6.4123339
-17.217207 -12.753509 6.3874438
-17.192551 -12.850551 6.3493971
-17.153426 -13.013816 6.2863491
-17.097971 -13.266459 6.1924434
-17.031813 -13.608471 6.0724574
-16.965697 -14.016977 5.93956
-16.909735 -14.456499 5.8086601
-16.871742 -14.888741 5.6937032
-16.858957 -15.293142 5.6054169
-16.87907 -15.687678 5.5476965
-16.940134 -16.114935 5.5196255
-17.049019 -16.604213 5.5221633
-17.208408 -17.152568 5.5616024
-17.414215 -17.738019 5.6463938
-17.655958 -18.337961 5.782177
-17.920881 -18.934612 5.9692331
-18.196064 -19.507268 6.1986853
-18.464037 -20.021949 6.4478337
-18.701851 -20.440781 6.6834804
-18.888588 -20.742435 6.8744401
-19.016406 -20.933126 7.0063227
-19.094222 -21.040811 7.0856689
-19.140789 -21.10006 7.1311133
-19.176084 -21.141081 7.1629136
-19.217748 -21.187988 7.1986703
-19.280709 -21.261704 7.2531271
-19.37456 -21.380472 7.3360268
-19.49675 -21.555011 7.445348
-19.628288 -21.783646 7.5620771
-19.741692 -22.056016 7.6567694
-19.816167 -22.361409 7.704669
-19.84495 -22.691409 7.6943209
-19.833821 -23.040259 7.6276472
-19.796366 -23.403774 7.5168653
-19.74845 -23.774833 7.3798512
-19.702815 -24.143491 7.233753
-19.666911 -24.501227 7.0912716
-19.644138 -24.847511 6.960114
-19.636723 -25.192666 6.8443597
-19.648088 -25.554839 6.7456532
-19.683761 -25.946524 6.6661565
-19.750103 -26.363531 6.6100348
-19.851508 -26.787881 6.58035
-19.989596 -27.194925 6.5770757
-20.165829 -27.564304 6.5981223
-20.381473 -27.886932 6.6405625
-20.629786 -28.16115 6.699823
-20.886406 -28.383035 6.7670311
-21.114827 -28.545491 6.8297505
-21.289033 -28.649145 6.8783687
-21.407628 -28.706957 6.9114266
-21.487403 -28.737294 6.9344039
-21.548458 -28.755509 6.9546581
-21.604162 -28.77054 6.9771027
-21.658708 -28.785631 7.0025454
-21.710253 -28.800798 7.0289816
-21.75597 -28.815346 7.0543188
-21.793979 -28.829059 7.0777235
-21.822948 -28.842546 7.0999163
-21.84262 -28.857772 7.1240058
-21.854455 -28.878261 7.1559393
-21.861104 -28.908067 7.2030925
-21.865141 -28.949221 7.2704528
-21.86787 -28.998827 7.3560717
-21.868702 -29.049002 7.451126
-21.865474 -29.091459 7.5477189
-21.855804 -29.122407 7.646593
-21.838875 -29.142741 7.7548464
-21.816479 -29.154739 7.8768812
-21.792236 -29.159666 8.0101727
-21.769516 -29.157848 8.1492898
-21.750149 -29.149529 8.2907163
-21.734683 -29.135156 8.433432
-21.723136 -29.115201 8.5776277
-21.715422 -29.090104 8.7234625
-21.711423 -29.060465 8.8700967
-21.710995 -29.027139 9.015441
-21.714114 -28.990716 9.1578217
-21.721132 -28.950383 9.2995889
-21.73288 -28.903319 9.4490812
-21.750221 -28.846401 9.6153004
-21.773239 -28.779127 9.7996497
-21.800771 -28.705148 9.9929812
-21.830988 -28.631245 10.179872
-21.863061 -28.564375 10.347296
-21.898624 -28.509526 10.490243
-21.941969 -28.468901 10.612095
-21.998466 -28.441267 10.722155
-22.071571 -28.422457 10.830396
-22.160926 -28.407444 10.942431
-22.262814 -28.392437 11.058389
-22.371033 -28.375728 11.173993
-22.478409 -28.35724 11.282962
-22.578879 -28.337609 11.379857
-22.668441 -28.317469 11.46129
-22.746205 -28.296697 11.526515
-22.815952 -28.273468 11.57798
-22.886896 -28.243913 11.621624
-22.969338 -28.20408 11.664427
-23.067102 -28.153267 11.710112
-23.175161 -28.09489 11.757564
-23.284699 -28.033924 11.803192
-23.38837 -27.974331 11.843395
-23.483798 -27.917169 11.875944
-23.575368 -27.859615 11.900834
-23.66952 -27.798083 11.919504
-23.765902 -27.734049 11.932962
-23.855743 -27.675282 11.940998
-23.931876 -27.629421 11.942723
-23.998627 -27.597457 11.936676
-24.070219 -27.574178 11.920631
-24.160108 -27.553275 11.892534
-24.270976 -27.531491 11.852423
-24.394026 -27.509142 11.803222
-24.517197 -27.487989 11.74939
-24.632116 -27.469343 11.695178
-24.735846 -27.453511 11.643461
-24.829924 -27.439969 11.595188
-24.917688 -27.427856 11.549932
-25.000204 -27.416641 11.507715
-25.077457 -27.406002 11.468581
-25.154738 -27.394982 11.429517
-25.241681 -27.382081 11.384885
-25.342984 -27.366327 11.331052
-25.453507 -27.347477 11.269081
-25.565125 -27.324568 11.201511
-25.676317 -27.294756 11.127425
-25.79287 -27.254641 11.042432
-25.919712 -27.203496 10.944208
-26.053537 -27.14518 10.837757
-26.184034 -27.086413 10.73444
-26.30111 -27.033064 10.645841
-26.401286 -26.987283 10.577789
-26.487714 -26.947715 10.529812
-26.565828 -26.911697 10.498528
-26.639647 -26.877107 10.480493
-26.710766 -26.84291 10.472977
-26.779806 -26.808471 10.473913
-26.849216 -26.772155 10.482026
-26.924083 -26.730968 10.496907
-27.009076 -26.682338 10.518569
-27.105821 -26.625946 10.54709
-27.213799 -26.564018 10.582582
-27.331287 -26.501507 10.624647
-27.454329 -26.446184 10.671402
-27.576925 -26.405983 10.719393
-27.693639 -26.384703 10.764754
-27.803065 -26.380608 10.805028
-27.908601 -26.388917 10.840286
-28.013082 -26.404464 10.87189
-28.113909 -26.422838 10.900881
-28.207065 -26.441361 10.92868
-28.294814 -26.459948 10.958657
-28.385198 -26.480281 10.995327
-28.484583 -26.503781 11.041481
-28.592941 -26.530305 11.096205
-28.705464 -26.558346 11.155329
-28.816686 -26.58606 11.213673
-28.924323 -26.612438 11.267872
-29.030098 -26.637641 11.317246
-29.138109 -26.662592 11.363023
-29.250091 -26.687823 11.406191
-29.36161 -26.712518 11.445579
-29.466651 -26.735436 11.479
-29.56622 -26.75677 11.506151
-29.667859 -26.778076 11.528838
-29.776468 -26.800327 11.548305
-29.888952 -26.822726 11.56314
-29.999224 -26.843762 11.570044
-30.104777 -26.862727 11.566247
-30.204832 -26.879495 11.550818
-30.296698 -26.893557 11.524158
-30.378152 -26.90398 11.486759
-30.450291 -26.909781 11.438452
-30.516673 -26.910125 11.37859
-30.580455 -26.90448 11.307187
-30.642659 -26.892836 11.226027
-30.702405 -26.875679 11.138713
-30.758352 -26.853494 11.049007
-30.81028 -26.826361 10.958032
-30.859338 -26.79448 10.863232
-30.906282 -26.759468 10.760791
-30.950854 -26.723963 10.646593
-30.993314 -26.6894 10.515446
-31.034126 -26.655842 10.366109
-31.0722 -26.623977 10.207219
-31.105435 -26.595645 10.052493
-31.133181 -26.572081 9.9081051
-31.157552 -26.552331 9.7658302
-31.182236 -26.533845 9.6094409
-31.210408 -26.5142 9.4261248
-31.243587 -26.492066 9.2120919
-31.281511 -26.467074 8.9717021
-31.322057 -26.439443 8.7164371
-31.361436 -26.409649 8.4630553
-31.395381 -26.378207 8.2275496
-31.420887 -26.346012 8.0186009
-31.436687 -26.315263 7.8383921
-31.442601 -26.28927 7.685165
-31.438984 -26.270679 7.5513811
-31.426474 -26.260276 7.4256759
-31.406028 -26.256901 7.3005523
-31.37903 -26.258124 7.1776445
-31.3465 -26.261366 7.0625459
-31.308144 -26.264599 6.9550978
-31.26379 -26.265798 6.8488147
-31.216832 -26.261734 6.7389025
-31.175846 -26.24771 6.6281595
-31.15138 -26.21951 6.5253955
-31.149568 -26.176876 6.43982
-31.167606 -26.125135 6.3753854
-31.196721 -26.071657 6.3295984
-31.229526 -26.019316 6.2956678
-31.263864 -25.962757 6.2648171
-31.300752 -25.88899 6.227652
-31.340009 -25.779617 6.1750413
-31.377327 -25.614312 6.1002649
-31.404326 -25.377593 6.0038406
-31.411248 -25.065773 5.8979459
-31.389186 -24.685349 5.8036924
-31.330434 -24.241828 5.7403322
-31.228549 -23.737983 5.7178672
-31.080799 -23.186785 5.7383784
-30.889943 -22.614815 5.8001586
-30.663695 -22.046977 5.8988041
-30.415236 -21.500091 6.0258461
-30.161475 -20.985127 6.1691533
-29.918964 -20.508163 6.314902
-29.701257 -20.070528 6.4489571
-29.516988 -19.665241 6.5583493
-29.366307 -19.268707 6.6344967
-29.244736 -18.849287 6.6727468
-29.152045 -18.388327 6.6694112
-29.093693 -17.887124 6.6219851
-29.071652 -17.358024 6.5342548
-29.077564 -16.82811 6.4207159
-29.095573 -16.341243 6.3035025
-29.110258 -15.932128 6.2006486
-29.111569 -15.602039 6.1167555
-29.094321 -15.322277 6.0440024
-29.056415 -15.05373 5.9699258
-28.999492 -14.770268 5.8865922
-28.930275 -14.474171 5.7963117
-28.858033 -14.187764 5.7088234
-28.788843 -13.927902 5.6324514
-28.72257 -13.692562 5.5698768
-28.653509 -13.465471 5.5213181
-28.571741 -13.224404 5.4896706
-28.463861 -12.944152 5.4822238
-28.315466 -12.60006 5.5075659
-28.119127 -12.183712 5.5709646
-27.883029 -11.720657 5.672031
-27.627627 -11.260868 5.8054065
-27.371047 -10.84421 5.9626136
-27.121219 -10.483435 6.1335568
-26.877705 -10.171036 6.3094346
-26.63722 -9.8917477 6.4840301
-26.397787 -9.6293723 6.6522757
-26.159822 -9.3681478 6.8089657
-25.925185 -9.0931141 6.9489775
-25.698942 -8.79545 7.0660889
-25.491996 -8.4790719 7.1516652
-25.318546 -8.1579959 7.1968195
-25.186403 -7.8430885 7.198678
-25.093627 -7.5396821 7.1631735
-25.034104 -7.2574824 7.1023226
-25.001816 -7.0096738 7.0282723
-24.990255 -6.7974673 6.9468815
-24.991904 -6.6030197 6.8557063
-24.999162 -6.4006121 6.7498704
-25.004905 -6.1743159 6.6315362
-25.002801 -5.9271821 6.5137479
-24.988359 -5.6758153 6.4141781
-24.959424 -5.4358257 6.3447899
-24.914671 -5.2090017 6.3060585
-24.850794 -4.9807407 6.2895971
-24.760333 -4.7236461 6.2847632
-24.633539 -4.4064969 6.2830293
-24.463716 -4.0066139 6.2786578
-24.250028 -3.5132777 6.2682817
-23.998619 -2.9264575 6.2516366
-23.727732 -2.2689471 6.2325537
-23.464753 -1.5879126 6.2175087
-23.229242 -0.9266486 6.2117301
-23.022809 -0.30324902 6.2167604
-22.835036 0.28497035 6.2308926
-22.654786 0.84735885 6.2505767
-22.475965 1.3878134 6.2705887
-22.294394 1.9058316 6.2833552
-22.102243 2.4075152 6.2793146
-21.886132 2.9146863 6.2493135
-21.633046 3.4587773 6.1890242
-21.342555 4.0569366 6.102448
-21.028186 4.7032196 5.9996019
-20.703906 5.3845555 5.8900388
-20.379699 6.0796551 5.7817072
-20.068017 6.7438766 5.6847223
-19.778237 7.3283899 5.6101852
-19.50141 7.8251979 5.5631912
-19.214737 8.2684945 5.5403871
-18.903111 8.6917476 5.534708
-18.565361 9.1028132 5.5411865
-18.197469 9.5008744 5.5591201
-17.785264 9.8943689 5.589954
-17.324203 10.29082 5.6330332
-16.837905 10.680875 5.6834075
-16.362614 11.046616 5.7346483
-15.913725 11.383223 5.7830453
-15.480306 11.700529 5.8275522
-15.047632 12.005887 5.8665404
-14.605761 12.299896 5.8970476
-14.140378 12.586721 5.9169568
-13.639898 12.871735 5.9253607
-13.109927 13.151663 5.9212729
-12.569899 13.416274 5.9035055
-12.037926 13.656949 5.8710112
-11.516382 13.872121 5.822206
-10.984116 14.069139 5.7545832
-10.412436 14.259122 5.6669682
-9.7930719 14.44935 5.5631841
-9.1484383 14.640165 5.4530601
-8.5096595 14.828437 5.3479283
-7.8889056 15.01229 5.2550962
-7.2718362 15.194185 5.1760266
-6.6341169 15.380078 5.1080549
-5.9796395 15.56963 5.0487651
-5.3626631 15.747706 4.999236
-4.8556673 15.892343 4.9630301
-4.4856875 15.99357 4.9424181
-4.2128817 16.060083 4.9367627
-3.9667433 16.109531 4.943638
-3.6984136 16.155384 4.959607
-3.4068939 16.200839 4.9800475
-3.1195847 16.242265 5.0002483
-2.8515497 16.27672 5.0176698
-2.5948818 16.304534 5.03217
-2.3363984 16.326961 5.0443246
-2.069127 16.344451 5.0543726
-1.7906373 16.357124 5.0623869
-1.5029636 16.365161 5.0684339
-1.2108931 16.368419 5.0724174
-0.91330858 16.366417 5.0741462
-0.60332853 16.35919 5.0737027
-0.28665243 16.348074 5.0716243
0.012031029 16.33519 5.0686275
0.27253868 16.321802 5.0650925
0.49976208 16.307388 5.0608319
0.71776157 16.29036 5.0553321
0.94708825 16.269612 5.0481996
1.1915591 16.245073 5.0392493
1.4509213 16.216007 5.0278673
1.744001 16.178754 5.012262
2.1059009 16.127757 4.9900165
2.5565353 16.060232 4.9600988
3.0739849 15.979976 4.9245665
3.6055277 15.895159 4.887822
4.1040509 15.811796 4.8542617
4.5497149 15.730147 4.8275308
4.9459798 15.646426 4.8119473
5.2988392 15.557532 4.8140277
5.6076823 15.462482 4.8411288
5.8809408 15.357936 4.8985505
6.1470798 15.234655 4.9903501
6.4442526 15.08094 5.1210364
6.7962587 14.893387 5.2911931
7.1978806 14.684088 5.4921617
7.6238602 14.474484 5.7082236
8.0479568 14.282687 5.9224566
8.4566264 14.115087 6.1205102
8.8525583 13.966242 6.2914136
9.2485794 13.824312 6.4271643
9.6583891 13.676256 6.5244547
10.090645 13.510098 6.5869723
10.550157 13.31494 6.6231345
11.044859 13.080081 6.6411116
11.584313 12.797801 6.6454025
12.168766 12.46946 6.6362085
12.783656 12.108088 6.6109841
13.407432 11.732049 6.5673131
14.024211 11.354831 6.5061586
14.615995 10.987739 6.4333077
15.151976 10.644621 6.3567473
15.604107 10.330722 6.2803848
15.979339 10.023409 6.1983499
16.322009 9.6761283 6.097415
16.676927 9.2536689 5.9690965
17.049746 8.7698991 5.8226519
17.403975 8.2864389 5.6847914
17.699702 7.8613835 5.5822513
17.933138 7.4962649 5.5251218
18.139604 7.1309044 5.5076216
18.369239 6.6785439 5.5189605
18.661103 6.0700031 5.5505734
19.027983 5.28645 5.5966045
19.452919 4.3717619 5.6516878
19.891002 3.4304441 5.7089749
20.278917 2.6031673 5.7599519
20.565388 1.9980168 5.7977654
20.740087 1.6323582 5.8209179
20.828613 1.4485463 5.8326904
20.866466 1.3704723 5.8377385
20.880444 1.3417953 5.8396066
20.885071 1.3323336 5.8402259
20.886536 1.3293399 5.8404219
20.887023 1.3283428 5.8404868
20.887208 1.3279595 5.8405115
20.887297 1.3277756 5.8405233
20.887354 1.3276568 5.8405308
20.887403 1.327554 5.8405373
20.887455 1.3274454 5.8405442
20.887517 1.327317 5.8405524
20.887594 1.3271555 5.8405626
20.887693 1.3269509 5.8405756
20.887812 1.3267024 5.8405913
20.887946 1.3264218 5.8406091
20.888088 1.3261271 5.8406278
20.888229 1.3258313 5.8406465
20.888373 1.325525 5.8406654
20.888553 1.325121 5.8406883
20.88891 1.3242606 5.840731
20.889918 1.3217169 5.8408463
20.892968 1.3138892 5.841181
20.901494 1.2918149 5.8420723
20.922521 1.2370005 5.8441209
20.967561 1.1188255 5.8480493
21.051016 0.89879883 5.8541195
21.185198 0.54512386 5.8612473
21.374206 0.052888359 5.8666635
21.61142 -0.54434512 5.8670507
21.885556 -1.1898818 5.8607839
22.192995 -1.8441802 5.8492387
22.537902 -2.5005493 5.8354926
22.913767 -3.155538 5.8222915
23.287425 -3.7759104 5.8110843
23.610131 -4.3055421 5.802308
23.850992 -4.7080446 5.7959343
24.01031 -4.9856478 5.7917269
24.108012 -5.1678298 5.7892671
24.170382 -5.2993236 5.788138
24.223785 -5.4342662 5.7884782
24.291095 -5.6277084 5.7917364
24.387358 -5.9194209 5.8007387
24.517139 -6.3171994 5.8171682
24.678524 -6.7958333 5.8358087
24.869958 -7.3120674 5.8409081
25.089339 -7.8186204 5.813049
25.330434 -8.2805068 5.7427963
25.587204 -8.6924082 5.636786
25.859585 -9.079729 5.5147073
26.150741 -9.4786856 5.399005
26.461621 -9.9161414 5.3015889
26.788632 -10.402601 5.2210795
27.123706 -10.931968 5.1509026
27.448976 -11.473612 5.0883264
27.735955 -11.975104 5.0370107
27.962402 -12.398015 5.0031285
28.131142 -12.755543 4.9915054
28.266006 -13.103646 5.0057176
28.390661 -13.494928 5.0491627
28.51257 -13.941416 5.1242918
28.624499 -14.41834 5.2310647
28.717567 -14.895646 5.3647819
28.789041 -15.354186 5.5139336
28.842001 -15.787252 5.6638258
28.883456 -16.201576 5.8034804
28.922127 -16.60636 5.9252475
28.965247 -16.995651 6.0202262
29.016499 -17.34662 6.0787204
29.078827 -17.643351 6.094998
29.160421 -17.89734 6.0659582
29.275412 -18.140329 5.9860548
29.436405 -18.403045 5.8486739
29.644491 -18.703195 5.6563828
29.88489 -19.046578 5.4302989
30.132508 -19.432176 5.2055501
30.365314 -19.860531 5.0123905
30.574148 -20.338704 4.8604929
30.757554 -20.870442 4.7436171
30.911878 -21.447686 4.6554282
31.029317 -22.057244 4.5983487
31.102147 -22.68727 4.5809097
31.124238 -23.313562 4.6110378
31.090989 -23.892173 4.690438
31.002681 -24.382182 4.8118819
30.870566 -24.767814 4.9595873
30.72103 -25.05427 5.1102164
30.587333 -25.253071 5.2395087
30.491011 -25.379455 5.3356966
30.435779 -25.453317 5.4039442
30.416404 -25.495596 5.4589709
30.427224 -25.523171 5.5159
30.463247 -25.547019 5.5854365
30.518483 -25.574015 5.6729874
30.586464 -25.607627 5.7800246
30.66211 -25.648303 5.9065021
30.742042 -25.694659 6.0516273
30.82346 -25.744535 6.2125145
30.902928 -25.795214 6.3823962
30.976629 -25.843674 6.5516293
31.041912 -25.887317 6.7117029
31.098307 -25.924433 6.8586342
31.147537 -25.954315 6.9943393
31.192653 -25.97736 7.1256715
31.236141 -25.994847 7.2599343
31.278445 -26.008371 7.4011235
31.319041 -26.019495 7.5529386
31.358251 -26.029632 7.7222771
31.396233 -26.039601 7.9123244
31.431133 -26.049285 8.1138554
31.459898 -26.058027 8.3089236
31.480571 -26.065452 8.4832103
31.493266 -26.071973 8.6348524
31.499279 -26.078744 8.7729038
31.499636 -26.087293 8.9074747
31.494399 -26.099233 9.0441108
31.482896 -26.116039 9.1875402
31.464338 -26.138491 9.343781
31.43853 -26.165991 9.5150968
31.406172 -26.196534 9.6956236
31.368556 -26.227534 9.8739293
31.327154 -26.25687 10.03912
31.283331 -26.283434 10.184894
31.237903 -26.307204 10.310079
31.190466 -26.32918 10.417538
31.139529 -26.351237 10.512828
31.085209 -26.374965 10.59949
31.031045 -26.400288 10.675515
30.980816 -26.425731 10.737003
30.933578 -26.450378 10.784035
30.883065 -26.475384 10.82166
30.82307 -26.502639 10.855585
30.753846 -26.531908 10.887369
30.681762 -26.560458 10.913975
30.611317 -26.586076 10.931615
30.539803 -26.609229 10.938569
30.460702 -26.631915 10.934657
30.369432 -26.655703 10.919785
30.264643 -26.681385 10.893539
30.146478 -26.709561 10.855495
30.01551 -26.740835 10.805941
29.874124 -26.775291 10.746977
29.727073 -26.812274 10.682449
29.578379 -26.851195 10.615925
29.428252 -26.892292 10.548893
29.272282 -26.936855 10.480284
29.104394 -26.986394 10.407774
28.925337 -27.040213 10.331465
28.747217 -27.094181 10.256035
28.585205 -27.14336 10.187658
28.445579 -27.185658 10.129229
28.324103 -27.22227 10.079548
28.213085 -27.255441 10.035977
28.108196 -27.286344 9.9970136
28.009884 -27.314609 9.9627888
27.91999 -27.339305 9.9337944
27.838552 -27.359903 9.9099518
27.762082 -27.376796 9.8904922
27.683353 -27.39148 9.8741061
27.595846 -27.405747 9.8598551
27.500073 -27.420408 9.8483153
27.403459 -27.435079 9.8413191
27.313014 -27.449173 9.8404137
27.230298 -27.462684 9.8460122
27.152717 -27.476116 9.8577028
27.07658 -27.490242 9.8750813
26.997921 -27.506173 9.8984198
26.912727 -27.525248 9.928473
26.818759 -27.548447 9.9655143
26.716832 -27.57593 10.008666
26.609114 -27.607349 10.056435
26.496457 -27.642509 10.107794
26.378008 -27.681533 10.162388
26.252117 -27.724714 10.220245
26.117882 -27.772058 10.281182
25.976753 -27.822701 10.344112
25.832764 -27.874774 10.406896
25.691604 -27.92577 10.466766
25.558465 -27.973431 10.521356
25.435564 -28.016814 10.569952
25.31996 -28.057159 10.614474
