23.991186 -28.188696 10.487031
23.674178 -28.145686 10.430112
23.4379 -28.120696 10.369527
23.272335 -28.110536 10.304956
23.152638 -28.108697 10.236488
23.056493 -28.109671 10.164151
22.970399 -28.110345 10.088238
22.889066 -28.109526 10.010337
22.812156 -28.107029 9.9332101
22.739804 -28.102972 9.8583946
22.669331 -28.097316 9.7837328
22.594661 -28.089619 9.7029744
22.509232 -28.079157 9.6089208
22.411135 -28.065465 9.4991491
22.305515 -28.048781 9.3790287
22.2014 -28.029901 9.2587368
22.106283 -28.009507 9.1474326
22.022421 -27.987467 9.0486878
21.947089 -27.962854 8.9600194
21.876346 -27.934912 8.8766804
21.808506 -27.903842 8.7957162
21.743761 -27.870292 8.7159803
21.682116 -27.834632 8.6361782
21.62377 -27.797597 8.5553806
21.570121 -27.760722 8.4736732
21.522346 -27.725015 8.3899358
21.479817 -27.689717 8.300651
21.441041 -27.653173 8.2030751
21.405578 -27.614596 8.0989653
21.374318 -27.574486 7.9938391
21.348169 -27.533479 7.8927266
21.326833 -27.491486 7.7976018
21.308961 -27.448612 7.710212
21.29283 -27.405702 7.6348516
21.276429 -27.362715 7.5755206
21.257679 -27.317572 7.531871
21.235363 -27.26782 7.4995395
21.209795 -27.213068 7.473554
21.182294 -27.155271 7.4507695
21.154063 -27.097175 7.4300442
21.125555 -27.040927 7.4113086
21.096835 -26.987965 7.394731
21.068473 -26.939359 7.3801722
21.041848 -26.895287 7.3666827
21.017955 -26.853198 7.352013
20.995197 -26.80555 7.3324551
20.968172 -26.739739 7.3037126
20.929366 -26.642769 7.2630515
20.873911 -26.509863 7.2115829
20.803981 -26.350355 7.1545392
20.727674 -26.182758 7.0985532
20.65318 -26.022433 7.0481973
20.585512 -25.875489 7.0055422
20.527134 -25.739522 6.9721254
20.478502 -25.602783 6.9503794
20.437801 -25.442551 6.9440016
20.401433 -25.229557 6.9576266
20.366058 -24.941468 6.9954763
20.331124 -24.578313 7.0587837
20.299622 -24.167185 7.1429633
20.275034 -23.750494 7.2357233
20.255453 -23.365348 7.3175731
20.229912 -23.028578 7.3667222
20.182091 -22.738261 7.3671353
20.099352 -22.48589 7.3149236
19.979438 -22.263107 7.2191078
19.829174 -22.05823 7.0960694
19.656533 -21.852942 6.9605614
19.463062 -21.625327 6.8187754
19.243965 -21.356694 6.6692827
18.994055 -21.035133 6.5098085
18.712976 -20.652401 6.3427151
18.406569 -20.198238 6.1754229
18.084607 -19.659377 6.0171707
17.759158 -19.030125 5.8765333
17.447491 -18.33125 5.7623717
17.171876 -17.614184 5.6837923
16.950454 -16.936454 5.6458036
16.788098 -16.328974 5.6456292
16.678266 -15.785978 5.6755482
16.611103 -15.276009 5.7302178
16.578641 -14.762175 5.8113505
16.575482 -14.225038 5.9248313
16.596591 -13.67458 6.0719563
16.634477 -13.143646 6.2416556
16.678402 -12.667826 6.4115072
16.716043 -12.261749 6.5580394
16.735688 -11.909368 6.6661516
16.727179 -11.577751 6.7298367
16.683192 -11.243127 6.7484342
16.602025 -10.906708 6.7255254
16.489074 -10.585812 6.6703796
16.354942 -10.292986 6.5971899
16.212713 -10.026712 6.5218227
16.073735 -9.7747441 6.4577354
15.941531 -9.5169013 6.4130077
15.808812 -9.2239721 6.3905114
15.661737 -8.8625428 6.3902576
15.490572 -8.4144687 6.4107376
15.298492 -7.8954915 6.4478263
15.099161 -7.3459721 6.4938798
14.904593 -6.7973224 6.5402495
14.716102 -6.2532042 6.5815323
14.526527 -5.705462 6.6171572
14.327119 -5.1582533 6.6495293
14.107975 -4.6235992 6.6817447
13.85457 -4.0968553 6.7168876
13.553329 -3.5523361 6.7577103
13.207296 -2.9656489 6.8048843
12.845696 -2.3339078 6.8549502
12.511495 -1.6726545 6.901552
12.236058 -1.0019334 6.9399335
12.028731 -0.3436882 6.9699659
11.883474 0.28346212 6.9956047
11.787572 0.87595677 7.0214861
11.726277 1.4365431 7.0481905
11.682513 1.9578188 7.0697517
11.63477 2.4292786 7.0777916
11.560509 2.8543512 7.0701353
11.445144 3.249546 7.0541451
11.288787 3.6276024 7.0410995
11.106446 3.9837159 7.0379817
10.92145 4.2967989 7.0439328
10.751876 4.546913 7.0529392
10.5966 4.7353588 7.0586395
10.43255 4.8884543 7.0568363
10.226122 5.0432295 7.0456953
9.9531309 5.226993 7.0260227
9.617101 5.4431965 7.0016277
9.2530799 5.6719525 6.97772
8.9100686 5.8853631 6.9578209
8.6229594 6.0661784 6.9424507
8.3971123 6.2153378 6.9304227
8.2181763 6.3434442 6.9206747
8.0723606 6.4570345 6.9128949
7.9564065 6.5531782 6.9071077
7.8727833 6.6252358 6.9032086
7.8204758 6.6713598 6.9008469
7.7924194 6.6964806 6.8995404
7.7793206 6.7083717 6.8988373
7.7737022 6.7135794 6.8984134
7.7711478 6.7160442 6.8980833
7.7695904 6.717626 6.8977647
7.7682011 6.7190681 6.8974394
7.7665195 6.7207699 6.8971347
7.7637057 6.7234413 6.8969499
7.7575096 6.7289543 6.8971807
7.7425858 6.7416466 6.8985937
7.7084136 6.7697376 6.9027716
7.6387758 6.8249864 6.9121358
7.5160988 6.9175698 6.9289583
7.330536 7.0464406 6.9530992
7.0845936 7.1941304 6.979771
6.7830301 7.3370309 6.999626
6.4182899 7.4643512 7.0016511
5.9753672 7.5837252 6.9772795
5.4515733 7.7104703 6.9247633
4.8638781 7.8558191 6.851888
4.2335504 8.0236871 6.7745845
3.5716945 8.2119686 6.7115244
2.8886158 8.4120021 6.6777134
2.2119629 8.6080896 6.6795442
1.5836912 8.7818557 6.7129308
1.0360332 8.9195686 6.7662146
0.57481915 9.0152423 6.8262317
0.18410499 9.0677505 6.8823607
-0.1634019 9.078266 6.9274973
-0.50124773 9.0520443 6.9571119
-0.86159505 9.0004162 6.966613
-1.2653084 8.9383432 6.9501954
-1.7183836 8.8783125 6.904084
-2.2152824 8.8256472 6.8314273
-2.7418694 8.7790691 6.7439033
-3.2774724 8.7348971 6.6581151
-3.803499 8.6900046 6.5890621
-4.3125955 8.6418487 6.5455649
-4.8023384 8.5886775 6.5296552
-5.2600161 8.5311156 6.537415
-5.6603111 8.4727363 6.5599805
-5.9820089 8.4175094 6.5867955
-6.2307556 8.3650741 6.6106569
-6.4439601 8.3085089 6.62989
-6.6710674 8.2379993 6.6461251
-6.9439536 8.1485378 6.6605301
-7.259672 8.0450339 6.6716206
-7.5898697 7.9389147 6.6758119
-7.9061739 7.8391373 6.6696956
-8.1957898 7.7468286 6.6521457
-8.4623291 7.6558576 6.6256499
-8.7189315 7.5568395 6.5963422
-8.977304 7.4424213 6.5715019
-9.2402583 7.3099364 6.5553325
-9.5049396 7.1582708 6.5466728
-9.7734899 6.9818282 6.5404871
-10.058334 6.7690567 6.5317765
-10.37551 6.5084277 6.518605
-10.731233 6.1971246 6.5029673
-11.114471 5.8437181 6.4899976
-11.503201 5.460671 6.4858654
-11.87767 5.0529958 6.495512
-12.229013 4.6142474 6.521204
-12.555001 4.1386989 6.5615722
-12.847181 3.6420541 6.6100161
-13.086901 3.1629818 6.6535781
-13.258548 2.732645 6.6762925
-13.364013 2.3449063 6.6666531
-13.423067 1.960996 6.6223078
-13.463754 1.5362982 6.5495771
-13.512822 1.0404893 6.4608956
-13.589553 0.46637484 6.3718803
-13.702545 -0.16334914 6.2969903
-13.850988 -0.79977063 6.2443673
-14.032121 -1.3957909 6.2144757
-14.247597 -1.9379801 6.2043
-14.497789 -2.4423339 6.2112692
-14.771374 -2.9268199 6.2320547
-15.045947 -3.3992518 6.259894
-15.299487 -3.8634829 6.2868378
-15.520275 -4.3266351 6.3091713
-15.708238 -4.8013535 6.3294608
-15.870664 -5.3030844 6.3531381
-16.015571 -5.8379637 6.3834677
-16.147004 -6.3926489 6.4190573
-16.266448 -6.9428441 6.4548151
-16.377278 -7.4717284 6.4849697
-16.485974 -7.977627 6.5067522
-16.598702 -8.463337 6.5230923
-16.717384 -8.9207259 6.5423393
-16.840279 -9.3339165 6.5742556
-16.964903 -9.696592 6.6240091
-17.087853 -10.018172 6.6884448
-17.203286 -10.315236 6.7575255
-17.303543 -10.602997 6.818263
-17.379592 -10.891146 6.8562174
-17.421265 -11.18189 6.8563202
-17.421561 -11.471803 6.8083964
-17.383187 -11.755772 6.7150566
-17.319131 -12.031263 6.5921575
-17.244731 -12.305422 6.4581487
-17.168994 -12.598366 6.3225595
-17.094301 -12.932746 6.18616
-17.022245 -13.317262 6.0491649
-16.956949 -13.740928 5.9156136
-16.903232 -14.181905 5.7910738
-16.864705 -14.619054 5.6802752
-16.844664 -15.039513 5.5876046
-16.847904 -15.44338 5.5182126
-16.881097 -15.845597 5.477198
-16.951222 -16.269452 5.4672618
-17.062678 -16.733251 5.487373
-17.215007 -17.239708 5.5355079
-17.403134 -17.776918 5.61362
-17.618971 -18.325942 5.7284441
-17.852448 -18.866367 5.8851952
-18.092829 -19.380412 6.0798568
-18.32994 -19.855528 6.2979206
-18.553492 -20.282604 6.5186327
-18.750718 -20.648353 6.719177
-18.908911 -20.936239 6.8808589
-19.022138 -21.138868 6.9957584
-19.094247 -21.265359 7.0678975
-19.136134 -21.336912 7.1088306
-19.160813 -21.377702 7.1319253
-19.180095 -21.409319 7.1489081
-19.203998 -21.451072 7.169336
-19.241438 -21.523329 7.2012179
-19.299756 -21.648994 7.2503168
-19.381631 -21.848706 7.3169003
-19.480636 -22.129529 7.3915183
-19.580185 -22.475988 7.4544192
-19.660691 -22.857677 7.4828937
-19.711067 -23.250635 7.4632012
-19.732905 -23.645709 7.3969144
-19.735546 -24.034623 7.2989854
-19.729109 -24.395892 7.1910995
-19.72062 -24.699675 7.0935759
-19.713504 -24.9252 7.0188506
-19.708666 -25.071957 6.9694969
-19.705735 -25.156335 6.9409876
-19.703958 -25.200457 6.9262737
-19.702681 -25.223009 6.9191928
-19.701504 -25.235992 6.9157059
-19.70025 -25.245902 6.91358
-19.698883 -25.256671 6.9114787
-19.697437 -25.272825 6.9080341
-19.696094 -25.302342 6.9011148
-19.695476 -25.358545 6.8875548
-19.697189 -25.459386 6.8638474
-19.704426 -25.622601 6.8279413
-19.722123 -25.85843 6.7809428
-19.756043 -26.164996 6.726829
-19.810569 -26.52852 6.6703651
-19.885819 -26.924321 6.6158598
-19.975959 -27.317036 6.5676682
-20.072062 -27.667269 6.5304898
-20.170866 -27.949685 6.5085289
-20.282988 -28.169643 6.5049852
-20.429354 -28.356289 6.5226398
-20.624165 -28.535149 6.5635182
-20.857514 -28.706567 6.6259199
-21.095775 -28.850983 6.7011342
-21.30155 -28.952374 6.7748214
-21.453765 -29.011343 6.8341784
-21.553741 -29.040094 6.8747884
-21.617899 -29.052141 6.9009537
-21.666369 -29.056848 6.9210565
-21.71485 -29.059078 6.9426841
-21.770722 -29.060636 6.969588
-21.832283 -29.061608 7.0008962
-21.891753 -29.061427 7.033298
-21.941286 -29.059889 7.0651077
-21.977288 -29.057984 7.0984229
-22.00037 -29.058162 7.1375433
-22.012946 -29.06354 7.1855541
-22.01756 -29.076265 7.2430162
-22.01659 -29.096822 7.3107624
-22.01213 -29.124973 7.3926831
-22.005933 -29.159808 7.4923199
-21.999694 -29.198266 7.6055826
-21.995248 -29.235135 7.7195953
-21.994421 -29.266102 7.8221675
-21.998905 -29.290708 7.9121117
-22.010143 -29.311831 7.9985917
-22.028917 -29.33264 8.0917214
-22.055033 -29.354283 8.1955072
-22.087781 -29.376123 8.3088314
-22.126465 -29.397263 8.4288774
-22.170159 -29.417171 8.5505763
-22.21843 -29.43574 8.6673733
-22.273344 -29.453659 8.7769862
-22.339211 -29.472121 8.8838066
-22.419202 -29.49158 8.9940701
-22.512489 -29.510927 9.1101585
-22.614999 -29.528021 9.2299549
-22.722375 -29.540854 9.3499996
-22.83192 -29.548371 9.4680942
-22.941474 -29.550534 9.5824825
-23.047735 -29.547941 9.6900328
-23.147405 -29.54147 9.7870139
-23.239892 -29.532207 9.8714067
-23.327294 -29.521547 9.9428141
-23.412905 -29.510856 10.001608
-23.500594 -29.50073 10.049723
-23.593645 -29.490769 10.090641
-23.694175 -29.479929 10.128028
-23.804322 -29.46692 10.164841
-23.926056 -29.450633 10.202916
-24.058229 -29.430685 10.242352
-24.195276 -29.407673 10.281572
-24.330451 -29.38272 10.318596
-24.460435 -29.356589 10.352433
-24.586812 -29.329202 10.383404
-24.712865 -29.300201 10.412199
-24.839979 -29.269747 10.438865
-24.967268 -29.238694 10.462673
-25.092809 -29.208269 10.482518
-25.214846 -29.179527 10.497422
-25.333131 -29.152676 10.506848
-25.450995 -29.126496 10.51076
-25.575444 -29.098565 10.509466
-25.712724 -29.0666 10.503433
-25.864184 -29.029679 10.493235
-26.026919 -28.98836 10.47968
-26.195946 -28.944273 10.46398
-26.365175 -28.899757 10.447807
-26.528418 -28.857306 10.433069
-26.680576 -28.818964 10.42156
-26.818453 -28.786016 10.41482
-26.943043 -28.758581 10.414136
-27.060727 -28.735592 10.420684
-27.179809 -28.715812 10.435619
-27.30573 -28.698917 10.459679
-27.439323 -28.685574 10.492234
-27.577977 -28.676744 10.530593
-27.718382 -28.67273 10.57054
-27.858784 -28.67254 10.607902
-27.998771 -28.673972 10.639808
-28.137272 -28.674392 10.66492
-28.271493 -28.671599 10.682954
-28.398833 -28.664294 10.694111
-28.519815 -28.652205 10.698657
-28.637379 -28.63619 10.696458
-28.753663 -28.618019 10.686618
-28.869861 -28.599224 10.667641
-28.988497 -28.579778 10.638289
-29.113 -28.558139 10.59847
-29.24524 -28.532478 10.549419
-29.383894 -28.501925 10.493459
-29.523853 -28.467286 10.434014
-29.6566 -28.431126 10.375652
-29.772768 -28.396824 10.323095
-29.867219 -28.366612 10.278805
-29.942711 -28.340196 10.240998
-30.006671 -28.316008 10.204594
-30.064534 -28.293743 10.163407
-30.117986 -28.274842 10.110025
-30.168708 -28.260533 10.0346
-30.22027 -28.250278 9.9275622
-30.275567 -28.242017 9.7858099
-30.334181 -28.233289 9.6152744
-30.392983 -28.222199 9.4264149
-30.448048 -28.20807 9.2289101
-30.495493 -28.191676 9.0302031
-30.53194 -28.174551 8.8342355
-30.555633 -28.15758 8.6392949
-30.566932 -28.140236 8.4413052
-30.567614 -28.121128 8.240617
-30.559929 -28.099035 8.0433601
-30.546144 -28.073438 7.8568315
-30.528496 -28.044302 7.6854889
-30.509248 -28.011465 7.5301415
-30.490827 -27.974444 7.3894723
-30.475982 -27.933456 7.2632955
-30.467396 -27.890913 7.1552665
-30.466671 -27.851008 7.0704752
-30.474355 -27.816531 7.0094249
-30.49194 -27.785778 6.9655249
-30.523111 -27.752829 6.928174
-30.57203 -27.711043 6.8879526
-30.639633 -27.6572 6.8404297
-30.721324 -27.593458 6.7868557
-30.808732 -27.525648 6.7317041
-30.893793 -27.459724 6.6794021
-30.971349 -27.39948 6.6326989
-31.040454 -27.345318 6.5920461
-31.105711 -27.292942 6.5547332
-31.177003 -27.233231 6.5145007
-31.26511 -27.15517 6.4631117
-31.374088 -27.050958 6.3939492
-31.496031 -26.918207 6.305311
-31.613463 -26.754773 6.2003561
-31.707171 -26.550332 6.08368
-31.762722 -26.286492 5.9588241
-31.773455 -25.951004 5.8309438
-31.740882 -25.553774 5.7124682
-31.670839 -25.121589 5.6236665
-31.565855 -24.668664 5.5839054
-31.420788 -24.178112 5.6020844
-31.228203 -23.622219 5.6747416
-30.98943 -23.001238 5.7902146
-30.718315 -22.354239 5.9350218
-30.433289 -21.729734 6.0989647
-30.150598 -21.157445 6.2737463
-29.886181 -20.64949 6.447022
-29.655682 -20.207949 6.6015769
-29.46773 -19.820571 6.7219235
-29.320073 -19.45889 6.7998633
-29.206519 -19.093503 6.832113
-29.125749 -18.711148 6.8161132
-29.080483 -18.312317 6.7515551
-29.069836 -17.895263 6.6445912
-29.085225 -17.451745 6.5086424
-29.112142 -16.981317 6.3622134
-29.135029 -16.502784 6.2239601
-29.142032 -16.044892 6.105384
-29.126188 -15.625325 6.0072425
-29.084371 -15.237621 5.9223639
-29.017617 -14.863427 5.8432162
-28.931784 -14.495344 5.7686747
-28.833729 -14.137813 5.7040069
-28.723918 -13.78537 5.6553795
-28.593908 -13.413437 5.6272305
-28.43161 -12.995156 5.6253093
-28.228857 -12.522706 5.6591975
-27.986117 -12.012719 5.7379389
-27.713248 -11.496804 5.8608805
-27.426601 -11.008269 6.0141279
-27.142334 -10.569985 6.1782552
-26.870125 -10.18764 6.3386399
-26.612301 -9.8516129 6.4883716
-26.367447 -9.5437109 6.6243969
-26.135479 -9.2453174 6.7425924
-25.92037 -8.9437484 6.8359871
-25.730074 -8.6360642 6.895829
-25.573046 -8.3276727 6.9149664
-25.453265 -8.0252751 6.8913694
-25.368306 -7.7289343 6.8279878
-25.310288 -7.4282448 6.7308749
-25.267332 -7.1067052 6.6101036
-25.225008 -6.7504149 6.4819314
-25.16991 -6.355804 6.3662884
-25.095426 -5.9361612 6.2788452
-25.00392 -5.5209125 6.2246163
-24.900289 -5.1353116 6.1980287
-24.782428 -4.7743708 6.1887086
-24.640319 -4.4037559 6.1872103
-24.463408 -3.9839868 6.1871493
-24.246953 -3.4883742 6.1851217
-23.995509 -2.9091476 6.1805505
-23.726286 -2.2647307 6.1752612
-23.464789 -1.596098 6.1716892
-23.230915 -0.94369632 6.1703418
-23.029878 -0.32850987 6.1688868
-22.854844 0.24849251 6.1638076
-22.694576 0.79621664 6.1526615
-22.538104 1.323144 6.1339784
-22.373963 1.837262 6.1050458
-22.189052 2.3512959 6.0606761
-21.971385 2.8835955 5.9947218
-21.716148 3.4513881 5.9037326
-21.42965 4.0613693 5.7898267
-21.124029 4.7116732 5.6592416
-20.80926 5.3970606 5.5191498
-20.496022 6.0952661 5.3792006
-20.200998 6.7551789 5.2543184
-19.936662 7.3241224 5.1601227
-19.693803 7.793132 5.1038307
-19.442109 8.2022558 5.0814498
-19.151375 8.6011729 5.0826261
-18.811279 9.0108813 5.0968413
-18.429418 9.4225602 5.1173476
-18.011762 9.8249166 5.1425837
-17.549512 10.224019 5.1748158
-17.028084 10.637753 5.2165296
-16.453628 11.072142 5.2667257
-15.865167 11.507288 5.3199141
-15.312817 11.909812 5.3685401
-14.823568 12.257473 5.4065414
-14.383589 12.554113 5.4314684
-13.953945 12.820978 5.4435378
-13.50316 13.075564 5.443236
-13.025173 13.320641 5.4305363
-12.534634 13.549267 5.4062302
-12.055872 13.752677 5.37276
-11.609128 13.925476 5.3325517
-11.191907 14.070615 5.2849205
-10.769831 14.201677 5.2249867
-10.295946 14.336981 5.147432
-9.7450493 14.489167 5.0527718
-9.1278894 14.65987 4.9500115
-8.4746468 14.842256 4.8531551
-7.8111428 15.026424 4.7753652
-7.1465069 15.204887 4.7242578
-6.4793644 15.37525 4.6996581
-5.8237849 15.535381 4.69502
-5.2251907 15.677412 4.701219
-4.7323398 15.791819 4.7104342
-4.3505574 15.877715 4.7183998
-4.0374378 15.944567 4.7241818
-3.7454679 16.003318 4.7284563
-3.4613658 16.057765 4.7320258
-3.2012687 16.105 4.7354123
-2.9749965 16.142369 4.7391121
-2.7682191 16.171303 4.7436278
-2.5563844 16.195233 4.7490636
-2.3246983 16.216211 4.754824
-2.0716327 16.234198 4.7599089
-1.8006126 16.248477 4.7635142
-1.5156398 16.258538 4.7652295
-1.2204564 16.263907 4.7648013
-0.91556517 16.264107 4.7620032
-0.60046655 16.259305 4.7569025
-0.28550536 16.250775 4.7501716
0.0067608056 16.240311 4.7428546
0.26061788 16.228913 4.7356514
0.48225901 16.216097 4.7285786
0.69356877 16.20042 4.7214585
0.91352004 16.180513 4.7148504
1.1477771 16.155314 4.7105791
1.3985421 16.122712 4.7112633
1.6835777 16.077762 4.7192501
2.0386984 16.01318 4.7359426
2.4969512 15.923018 4.7614652
3.0613949 15.807261 4.7941885
3.6951715 15.673286 4.8306295
4.3366124 15.532812 4.8664887
4.9255417 15.397002 4.8986044
5.4251989 15.271991 4.9269684
5.8357209 15.15529 4.9563983
6.1893558 15.0365 4.996989
6.5280062 14.903556 5.0620234
6.8823367 14.749915 5.1627731
7.2644994 14.578196 5.3022737
7.6698955 14.39903 5.4730415
8.08618 14.224321 5.6615628
8.5052964 14.059371 5.8551519
8.9271937 13.901341 6.0438731
9.3523021 13.744438 6.2168369
9.7778965 13.583385 6.3614774
10.20755 13.4102 6.4697893
10.659721 13.210709 6.5429634
11.160238 12.969065 6.5879303
11.720421 12.679746 6.6097234
12.3221 12.355503 6.6066159
12.930942 12.019294 6.5713828
13.52508 11.686788 6.4975189
14.102384 11.360334 6.386108
14.661172 11.038523 6.2484006
15.184766 10.724509 6.1022806
15.649487 10.421892 5.965108
16.046159 10.123719 5.8471278
16.390538 9.808385 5.7493492
16.711968 9.4498949 5.6664333
17.031728 9.0375738 5.5918918
17.347862 8.5918863 5.5231366
17.638186 8.1588198 5.4635413
17.881028 7.7776703 5.4199419
18.077896 7.4440418 5.3982659
18.25781 7.1021357 5.4017636
18.462083 6.6720192 5.4316023
18.722584 6.0922943 5.4868632
19.046884 5.352961 5.5634
19.416648 4.5021832 5.6533399
19.79539 3.6305372 5.7459235
20.140754 2.8404146 5.8296184
20.422065 2.2025059 5.8959801
20.633055 1.7277857 5.942659
20.789138 1.376411 5.9727112
20.914605 1.0871555 5.991136
21.03334 0.79853911 6.0018441
21.165624 0.45925039 6.0065841
21.323302 0.044575765 6.0051075
21.504838 -0.42930168 5.9961017
21.700147 -0.91970226 5.9788451
21.903538 -1.3941922 5.9544702
22.120824 -1.8508394 5.9255526
22.365633 -2.3103493 5.8948048
22.649233 -2.7954622 5.8646717
22.967497 -3.3100074 5.8383437
23.291761 -3.8253155 5.8211204
23.580421 -4.2951752 5.8193872
23.807319 -4.6943613 5.836624
23.974918 -5.0367542 5.8706353
24.105092 -5.3634098 5.9152307
24.225249 -5.7222874 5.9635543
24.358972 -6.1473768 6.0078349
24.520792 -6.6408794 6.0366948
24.71485 -7.1699836 6.0351234
24.937532 -7.6844542 5.9886368
25.182304 -8.1456682 5.8895813
25.443089 -8.5453698 5.742717
25.714815 -8.9010244 5.5655787
25.992472 -9.2371938 5.3813868
26.269639 -9.5701264 5.2104159
26.537411 -9.9020396 5.0655123
26.783249 -10.220183 4.9520575
26.991182 -10.500175 4.870372
27.148997 -10.720704 4.8177891
27.259309 -10.883536 4.7894318
27.34207 -11.019717 4.7797431
27.426474 -11.178332 4.7847797
27.538061 -11.405094 4.8030225
27.685688 -11.718088 4.8339855
27.856285 -12.097669 4.8768168
28.02652 -12.509452 4.9313325
28.182728 -12.940971 4.9998028
28.326008 -13.403914 5.0852012
28.461401 -13.904944 5.1870642
28.588961 -14.429884 5.3004315
28.704619 -14.955311 5.4188044
28.804238 -15.462774 5.5368427
28.886871 -15.944829 5.6509518
28.956411 -16.401274 5.7565381
29.021158 -16.829234 5.8435191
29.092195 -17.220796 5.8960932
29.1821 -17.573327 5.8982276
29.304914 -17.902067 5.8384801
29.474148 -18.238834 5.7115333
29.694023 -18.612471 5.5228352
29.949744 -19.027182 5.2950505
30.210867 -19.461205 5.0632893
30.448575 -19.887026 4.8576654
30.649065 -20.290085 4.6913454
30.812356 -20.669022 4.563538
30.94311 -21.023787 4.4694632
31.044915 -21.349298 4.4057876
31.120311 -21.640596 4.3695562
31.173096 -21.904821 4.3558705
31.208913 -22.167372 4.3588123
31.233071 -22.46346 4.374272
31.24764 -22.820641 4.4018781
31.249861 -23.242601 4.4452271
31.232398 -23.701946 4.5104411
31.185754 -24.151489 4.6032062
31.103116 -24.551084 4.7248671
30.986286 -24.883677 4.8686936
30.849152 -25.149435 5.0191018
30.713876 -25.353449 5.156861
30.600015 -25.502359 5.2683192
30.515323 -25.607088 5.3518324
30.45687 -25.681227 5.4158487
30.419405 -25.734789 5.4713731
30.401228 -25.771016 5.5256687
30.402787 -25.789875 5.5806703
30.422083 -25.793889 5.6352103
30.453983 -25.789889 5.6889004
30.494094 -25.7857 5.7450064
30.54126 -25.785712 5.8094703
30.596315 -25.789877 5.887936
30.66006 -25.796019 5.9843915
30.732357 -25.802217 6.1010357
30.811173 -25.807529 6.2366701
30.892042 -25.811659 6.3852592
30.969667 -25.814599 6.538375
31.040584 -25.816503 6.6902166
31.104379 -25.817628 6.8408318
31.163129 -25.818291 6.995959
31.219613 -25.818925 7.1629379
31.274703 -25.820317 7.3431798
31.326167 -25.824061 7.5283791
31.370565 -25.833021 7.7061224
31.405952 -25.851244 7.8686084
31.432553 -25.882685 8.0156909
31.451609 -25.929131 8.152306
31.464098 -25.989243 8.2846049
31.470366 -26.059938 8.4179495
31.470476 -26.138394 8.5564465
31.464523 -26.222432 8.7021362
31.452733 -26.309599 8.8540225
31.435662 -26.396433 9.00809
31.414552 -26.478705 9.1589375
31.391424 -26.551961 9.3016972
31.368392 -26.612238 9.4339099
31.346283 -26.65783 9.5583376
31.323866 -26.690563 9.6831529
31.298844 -26.714395 9.8158293
31.269591 -26.732709 9.9557653
31.235702 -26.747053 10.094467
31.197064 -26.757833 10.223464
31.153277 -26.765342 10.339743
31.104293 -26.769959 10.443446
31.050517 -26.771944 10.53462
30.991995 -26.771522 10.613811
30.928724 -26.769316 10.682329
30.861594 -26.766744 10.740924
30.792296 -26.765891 10.789386
30.722454 -26.768506 10.827308
30.652702 -26.774808 10.854933
30.582679 -26.783379 10.872949
30.511092 -26.79223 10.881676
30.434661 -26.799989 10.880691
30.347202 -26.806362 10.868934
30.241832 -26.81179 10.845334
30.116539 -26.816796 10.809998
29.977049 -26.821637 10.76503
29.832619 -26.826417 10.71377
29.689474 -26.831326 10.659037
29.54856 -26.836688 10.602146
29.409171 -26.842799 10.543892
29.27261 -26.849889 10.485745
29.140942 -26.858376 10.429295
29.01323 -26.869206 10.374699
28.884713 -26.883762 10.320369
28.751083 -26.903101 10.264838
28.612344 -26.927074 10.208432
28.472117 -26.954189 10.152951
28.335446 -26.982281 10.100689
28.207135 -27.009392 10.053684
28.090032 -27.034391 10.013031
27.983523 -27.057214 9.9784978
27.88343 -27.078726 9.9487947
27.783248 -27.100338 9.9221621
27.677893 -27.123146 9.8974127
27.56851 -27.146875 9.8751173
27.462296 -27.169921 9.8574393
27.366363 -27.190723 9.8464554
27.282934 -27.208857 9.8430205
27.209482 -27.225075 9.8470868
27.141128 -27.24086 9.8585004
27.072521 -27.258054 9.8774529
26.998771 -27.278642 9.9044839
26.916445 -27.304372 9.9400776
26.824627 -27.336196 9.9839081
26.725502 -27.373794 10.034005
26.623421 -27.415733 10.0869
26.521879 -27.460668 10.139308
26.420419 -27.508773 10.189995
26.314343 -27.561967 10.24014
26.198595 -27.622105 10.291427
26.07185 -27.689042 10.344009
25.937001 -27.760468 10.396335
25.799355 -27.832808 10.446033
25.664291 -27.902373 10.490821
25.535479 -27.966245 10.529042
25.414188 -28.022685 10.559808
25.299594 -28.071058 10.582853
25.189435 -28.111445 10.598198
25.079758 -28.144464 10.605892
24.964383 -28.171358 10.605995
24.836526 -28.193678 10.59868
24.692303 -28.212701 10.584477
24.532976 -28.229348 10.564673
24.364677 -28.244644 10.541648
